0.2 48.9
0.205 40.2
0.21 30.5
0.215 20.3
0.22 15.9
0.225 12.6
0.23 10.2
0.235 8.59
0.24 9.07
0.245 11.3
0.25 15.1
0.255 18.7
0.26 22.4
0.265 24.3
0.27 23.3
0.275 20
0.28 15.4
0.285 10.2
0.29 5.79
0.295 3.44
0.3 2.53
0.305 1.676
0.31 1.103
0.315 0.64
0.32 0.206
0.325 0.191
0.33 0.181
0.335 0.173
0.34 0.165
0.345 0.159
0.35 0.153
0.355 0.146
0.36 0.138
0.365 0.13
0.37 0.121
0.375 0.112
0.38 0.103
0.385 0.096
0.39 0.09
0.395 0.087
0.4 0.078
0.405 0.073
0.41 0.068
0.415 0.064
0.42 0.06
0.425 0.054
0.43 0.056
0.435 0.051
0.44 0.051
0.445 0.051
0.45 0.049
0.455 0.049
0.46 0.049
0.465 0.047
0.47 0.045
0.475 0.044
0.48 0.04
0.485 0.042
0.49 0.038
0.495 0.041
0.5 0.04
0.505 0.038
0.51 0.038
0.515 0.038
0.52 0.038
0.525 0.038
0.53 0.037
0.535 0.037
0.54 0.036
0.545 0.037
0.55 0.037
0.555 0.036
0.56 0.038
0.565 0.037
0.57 0.036
0.575 0.036
0.58 0.036
0.585 0.035
0.59 0.035
0.595 0.035
0.6 0.035
0.605 0.035
0.61 0.035
0.615 0.035
0.62 0.035
0.625 0.035
0.63 0.036
0.635 0.035
0.64 0.034
0.645 0.034
0.65 0.034
0.655 0.034
0.66 0.036
0.665 0.035
0.67 0.035
0.675 0.036
0.68 0.035
0.685 0.036
0.69 0.036
0.695 0.037
0.7 0.037
0.705 0.037
0.71 0.038
0.715 0.039
0.72 0.04
0.725 0.041
0.73 0.044
0.735 0.045
0.74 0.048
0.745 0.047
0.75 0.047
0.755 0.048
0.76 0.047
0.765 0.046
0.77 0.045
0.775 0.044
0.78 0.044
0.785 0.044
0.79 0.042
0.795 0.045
0.8 0.048
0.81 0.051
0.82 0.057
0.83 0.063
0.84 0.067
0.85 0.07
0.86 0.074
0.87 0.081
0.88 0.087
0.89 0.095
0.9 0.103
0.91 0.112
0.92 0.134
0.93 0.182
0.94 0.263
0.95 0.404
0.96 0.541
0.97 0.558
0.98 0.54
0.99 0.473
1 0.413
1.01 0.36
1.02 0.296
1.03 0.244
1.04 0.204
1.05 0.179
1.06 0.163
1.07 0.166
1.08 0.174
1.09 0.201
1.1 0.226
1.11 0.261
1.12 0.305
1.13 0.427
1.14 0.757
1.15 1.13
1.16 1.25
1.17 1.26
1.18 1.27
1.19 1.23
1.2 1.27
1.21 1.22
1.22 1.19
1.23 1.15
1.24 1.12
1.25 1.08
1.26 1.07
1.27 1.09
1.28 1.14
1.29 1.23
1.3 1.38
1.31 1.59
1.32 2.03
1.33 2.51
1.34 3.06
1.35 3.48
1.36 4.1
1.37 5.46
1.38 7.18
1.39 12.1
1.4 19.1
1.41 25.1
1.42 28.7
1.43 30.3
1.44 31.3
1.45 30.9
1.46 30.4
1.47 27.6
1.48 25.4
1.49 22.4
1.5 19.8
1.51 17.5
1.52 15.6
1.53 13.8
1.54 12.3
1.55 11.2
1.56 10.1
1.57 9.19
1.58 8.41
1.59 7.83
1.6 7.36
1.61 6.99
1.62 6.63
1.63 6.4
1.64 6.17
1.65 5.99
1.66 5.9
1.67 5.83
1.68 5.81
1.69 5.86
1.7 5.97
1.71 6.13
1.72 6.36
1.73 6.72
1.74 7.19
1.75 7.79
1.76 8.44
1.77 9.01
1.78 9.42
1.79 9.58
1.8 9.59
1.81 9.62
1.82 9.75
1.83 10
1.84 10.7
1.85 12.2
1.86 15.6
1.87 23.5
1.88 38.2
1.89 64.8
1.9 103
1.91 111
1.92 116
1.93 115
1.94 128
1.95 105
1.96 98.9
1.97 90.3
1.98 86.8
1.99 75.1
2 68.2
2.01 61.9
2.02 55
2.03 50
2.04 45.9
2.05 41.9
2.06 40
2.07 36.9
2.08 34.4
2.09 31
2.1 28.6
2.11 26.9
2.12 25.2
2.13 23.8
2.14 22.8
2.15 22.1
2.16 21.2
2.17 20.6
2.18 20.2
2.19 19.9
2.2 19.8
2.21 19.8
2.22 20
2.23 20.2
2.24 20.6
2.25 21.1
2.26 21.9
2.27 22.7
2.28 23.8
2.29 24.8
2.3 26.3
2.31 27.8
2.32 30.4
2.33 32.1
2.34 34.2
2.35 37.3
2.36 37.7
2.37 39.6
2.38 43.2
2.39 45.7
2.4 49.7
2.41 54.2
2.42 58.6
2.43 62.2
2.44 69.7
2.45 73.7
2.46 77.1
2.47 83.9
2.48 86.4
2.49 98.1
2.5 97.9
