0.3 21.8
0.305 19.0617
0.31 13.2349
0.315 9.6527
0.32 9.1056
0.325 9.3874
0.33 10.253
0.335 11.3965
0.34 12.8102
0.345 14.2239
0.35 15.7979
0.355 17.0235
0.36 17.2735
0.365 17.2735
0.37 17.2735
0.375 17.2235
0.38 16.1979
0.385 14.676
0.39 13.2156
0.395 11.5032
0.4 9.4205
0.405 7.2528
0.41 4.816
0.415 3.1973
0.42 2.1346
0.425 1.4408
0.43 1.0294
0.435 0.7415
0.44 0.558
0.445 0.4523
0.45 0.405
0.455 0.3586
0.46 0.3316
0.465 0.3079
0.47 0.2863
0.475 0.2706
0.48 0.2636
0.485 0.244
0.49 0.2329
0.495 0.2233
0.5 0.2141
0.505 0.2081
0.51 0.2021
0.515 0.1985
0.52 0.1948
0.525 0.1898
0.53 0.1849
0.535 0.1806
0.54 0.1763
0.545 0.1726
0.55 0.169
0.555 0.1669
0.56 0.1647
0.565 0.1633
0.57 0.1618
0.575 0.159
0.58 0.1563
0.585 0.1536
0.59 0.1509
0.595 0.1477
0.6 0.1446
0.605 0.1441
0.61 0.1436
0.615 0.1417
0.62 0.1397
0.625 0.1385
0.63 0.1372
0.635 0.1395
0.64 0.1417
0.645 0.1378
0.65 0.1339
0.655 0.1327
0.66 0.1316
0.665 0.1308
0.67 0.1301
0.675 0.1286
0.68 0.1272
0.685 0.1265
0.69 0.1257
0.695 0.1245
0.7 0.1234
0.705 0.1208
0.71 0.1182
0.715 0.1178
0.72 0.1174
0.725 0.1167
0.73 0.1161
0.735 0.1149
0.74 0.1137
0.745 0.1135
0.75 0.1132
0.755 0.1121
0.76 0.1109
0.765 0.1099
0.77 0.1089
0.775 0.1089
0.78 0.1089
0.785 0.1077
0.79 0.1066
0.795 0.1078
0.8 0.1091
0.81 0.1061
0.82 0.1066
0.83 0.1076
0.84 0.1086
0.85 0.1096
0.86 0.1116
0.87 0.1154
0.88 0.1169
0.89 0.1207
0.9 0.1264
0.91 0.1364
0.92 0.1456
0.93 0.1698
0.94 0.2064
0.95 0.2608
0.96 0.3201
0.97 0.3536
0.98 0.3726
0.99 0.3676
1 0.3342
1.01 0.3059
1.02 0.2807
1.03 0.258
1.04 0.2384
1.05 0.2243
1.06 0.2164
1.07 0.211
1.08 0.2149
1.09 0.2228
1.1 0.2331
1.11 0.257
1.12 0.291
1.13 0.3481
1.14 0.4476
1.15 0.5767
1.16 0.6733
1.17 0.7784
1.18 0.9237
1.19 0.9806
1.2 0.9746
1.21 0.9501
1.22 0.9139
1.23 0.8873
1.24 0.8475
1.25 0.8148
1.26 0.7982
1.27 0.7977
1.28 0.8174
1.29 0.8622
1.3 0.9352
1.31 1.0201
1.32 1.16
1.33 1.3255
1.34 1.5422
1.35 1.962
1.36 2.4529
1.37 3.0994
1.38 4.0744
1.39 5.902
1.4 10.0017
1.41 25.1
1.42 28.7
1.43 30.3
1.44 31.3
1.45 30.9
1.46 30.4
1.47 27.6
1.48 25.4
1.49 22.4
1.5 19.8
1.51 17.5
1.52 15.6
1.53 13.8
1.54 12.3
1.55 11.2
1.56 10.1
1.57 9.19
1.58 8.41
1.59 7.83
1.6 7.36
1.61 6.99
1.62 6.63
1.63 6.4
1.64 6.17
1.65 5.99
1.66 5.9
1.67 5.83
1.68 5.81
1.69 5.86
1.7 5.97
1.71 6.13
1.72 6.36
1.73 6.72
1.74 7.19
1.75 7.79
1.76 8.44
1.77 9.01
1.78 9.42
1.79 9.58
1.8 9.59
1.81 9.62
1.82 9.75
1.83 10
1.84 10.7
1.85 12.2
1.86 15.6
1.87 23.5
1.88 38.2
1.89 64.8
1.9 103
1.91 111
1.92 116
1.93 115
1.94 128
1.95 105
1.96 98.9
1.97 90.3
1.98 86.8
1.99 75.1
2 68.2
2.01 61.9
2.02 55
2.03 50
2.04 45.9
2.05 41.9
2.06 40
2.07 36.9
2.08 34.4
2.09 31
2.1 28.6
2.11 26.9
2.12 25.2
2.13 23.8
2.14 22.8
2.15 22.1
2.16 21.2
2.17 20.6
2.18 20.2
2.19 19.9
2.2 19.8
2.21 19.8
2.22 20
2.23 20.2
2.24 20.6
2.25 21.1
2.26 21.9
2.27 22.7
2.28 23.8
2.29 24.8
2.3 26.3
2.31 27.8
2.32 30.4
2.33 32.1
2.34 34.2
2.35 37.3
2.36 37.7
2.37 39.6
2.38 43.2
2.39 45.7
2.4 49.7
2.41 54.2
2.42 58.6
2.43 62.2
2.44 69.7
2.45 73.7
2.46 77.1
2.47 83.9
2.48 86.4
2.49 98.1
2.5 97.9
