0.28 134
0.285 131
0.29 109
0.295 86.84
0.3 49.8077
0.305 36.9696
0.31 19.804
0.315 14.6223
0.32 12.4868
0.325 11.1688
0.33 10.0643
0.335 9.3121
0.34 8.6722
0.345 8.0081
0.35 7.4791
0.355 6.8816
0.36 6.3888
0.365 5.9071
0.37 5.5019
0.375 5.1717
0.38 4.9573
0.385 4.6574
0.39 4.4413
0.395 4.1619
0.4 3.9336
0.405 3.8163
0.41 3.699
0.415 3.5459
0.42 3.3929
0.425 3.2225
0.43 3.0521
0.435 2.8691
0.44 2.6861
0.445 2.5761
0.45 2.4662
0.455 2.3888
0.46 2.3114
0.465 2.2467
0.47 2.182
0.475 2.1385
0.48 2.095
0.485 2.0384
0.49 1.9818
0.495 1.9379
0.5 1.894
0.505 1.8425
0.51 1.7909
0.515 1.7728
0.52 1.7546
0.525 1.6962
0.53 1.6379
0.535 1.592
0.54 1.5461
0.545 1.5181
0.55 1.4901
0.555 1.457
0.56 1.424
0.565 1.3962
0.57 1.3685
0.575 1.3482
0.58 1.328
0.585 1.3104
0.59 1.2928
0.595 1.2676
0.6 1.2424
0.605 1.2198
0.61 1.1972
0.615 1.1795
0.62 1.1617
0.625 1.1491
0.63 1.1366
0.635 1.1298
0.64 1.1229
0.645 1.1121
0.65 1.1013
0.655 1.0863
0.66 1.0713
0.665 1.0562
0.67 1.0411
0.675 1.0361
0.68 1.0311
0.685 1.016
0.69 1.001
0.695 0.9834
0.7 0.9658
0.705 0.9608
0.71 0.9558
0.715 0.9508
0.72 0.9458
0.725 0.9357
0.73 0.9257
0.735 0.9217
0.74 0.9177
0.745 0.9142
0.75 0.9107
0.755 0.9032
0.76 0.8957
0.765 0.8907
0.77 0.8857
0.775 0.8782
0.78 0.8707
0.785 0.8657
0.79 0.8607
0.795 0.8582
0.8 0.8557
0.81 0.8657
0.82 0.8757
0.83 0.8707
0.84 0.8857
0.85 0.8757
0.86 0.8857
0.87 0.8807
0.88 0.8757
0.89 0.8857
0.9 0.8857
0.91 0.9057
0.92 0.9158
0.93 0.961
0.94 0.9911
0.95 1.0412
0.96 1.0713
0.97 1.0713
0.98 1.0563
0.99 1.0211
1 0.9709
1.01 0.9158
1.02 0.8407
1.03 0.8157
1.04 0.7857
1.05 0.7612
1.06 0.7492
1.07 0.7417
1.08 0.7367
1.09 0.7362
1.1 0.7402
1.11 0.7597
1.12 0.7697
1.13 0.8557
1.14 0.9807
1.15 1.13
1.16 1.25
1.17 1.26
1.18 1.27
1.19 1.23
1.2 1.27
1.21 1.22
1.22 1.19
1.23 1.15
1.24 1.12
1.25 1.08
1.26 1.07
1.27 1.09
1.28 1.14
1.29 1.23
1.3 1.38
1.31 1.59
1.32 2.03
1.33 2.51
1.34 3.06
1.35 3.48
1.36 4.1
1.37 5.46
1.38 7.18
1.39 12.1
1.4 19.1
1.41 25.1
1.42 28.7
1.43 30.3
1.44 31.3
1.45 30.9
1.46 30.4
1.47 27.6
1.48 25.4
1.49 22.4
1.5 19.8
1.51 17.5
1.52 15.6
1.53 13.8
1.54 12.3
1.55 11.2
1.56 10.1
1.57 9.19
1.58 8.41
1.59 7.83
1.6 7.36
1.61 6.99
1.62 6.63
1.63 6.4
1.64 6.17
1.65 5.99
1.66 5.9
1.67 5.83
1.68 5.81
1.69 5.86
1.7 5.97
1.71 6.13
1.72 6.36
1.73 6.72
1.74 7.19
1.75 7.79
1.76 8.44
1.77 9.01
1.78 9.42
1.79 9.58
1.8 9.59
1.81 9.62
1.82 9.75
1.83 10
1.84 10.7
1.85 12.2
1.86 15.6
1.87 23.5
1.88 38.2
1.89 64.8
1.9 103
1.91 111
1.92 116
1.93 115
1.94 128
1.95 105
1.96 98.9
1.97 90.3
1.98 86.8
1.99 75.1
2 68.2
2.01 61.9
2.02 55
2.03 50
2.04 45.9
2.05 41.9
2.06 40
2.07 36.9
2.08 34.4
2.09 31
2.1 28.6
2.11 26.9
2.12 25.2
2.13 23.8
2.14 22.8
2.15 22.1
2.16 21.2
2.17 20.6
2.18 20.2
2.19 19.9
2.2 19.8
2.21 19.8
2.22 20
2.23 20.2
2.24 20.6
2.25 21.1
2.26 21.9
2.27 22.7
2.28 23.8
2.29 24.8
2.3 26.3
2.31 27.8
2.32 30.4
2.33 32.1
2.34 34.2
2.35 37.3
2.36 37.7
2.37 39.6
2.38 43.2
2.39 45.7
2.4 49.7
2.41 54.2
2.42 58.6
2.43 62.2
2.44 69.7
2.45 73.7
2.46 77.1
2.47 83.9
2.48 86.4
2.49 98.1
2.5 97.9
