0.2 0.413
0.205 0.304
0.21 0.253
0.215 0.236
0.22 0.212
0.225 0.183
0.23 0.147
0.235 0.1
0.24 0.0869
0.245 0.0798
0.25 0.0714
0.255 0.0647
0.26 0.0734
0.265 0.0867
0.27 0.102
0.275 0.112
0.28 0.118
0.285 0.112
0.29 0.107
0.295 0.0898
0.3 0.0831
0.305 0.0571
0.31 0.06
0.315 0.0356
0.32 0.0237
0.325 0.0209
0.33 0.0211
0.335 0.0167
0.34 0.0181
0.345 0.0168
0.35 0.00546
0.355 0.00495
0.36 0.00392
0.365 0.00386
0.37 0.00341
0.375 0.00396
0.38 0.00375
0.385 0.0038
0.39 0.00358
0.395 0.00349
0.4 0.00336
0.405 0.00332
0.41 0.00305
0.415 0.00309
0.42 0.0027
0.425 0.00238
0.43 0.00209
0.435 0.00229
0.44 0.00192
0.445 0.00197
0.45 0.00193
0.455 0.00171
0.46 0.00142
0.465 0.00137
0.47 0.00187
0.475 0.00133
0.48 0.0015
0.485 0.00169
0.49 0.00169
0.495 0.00184
0.5 0.00183
0.505 0.00152
0.51 0.00163
0.515 0.00147
0.52 0.00144
0.525 0.00121
0.53 0.00134
0.535 0.00148
0.54 0.00176
0.545 0.0013
0.55 0.00168
0.555 0.0022
0.56 0.00157
0.565 0.00197
0.57 0.00174
0.575 0.00198
0.58 0.00149
0.585 0.00189
0.59 0.00305
0.595 0.00722
0.6 0.00431
0.605 0.0046
0.61 0.00423
0.615 0.00328
0.62 0.00386
0.625 0.00366
0.63 0.00389
0.635 0.00364
0.64 0.00382
0.645 0.0041
0.65 0.00419
0.655 0.00785
0.66 0.00487
0.665 0.00543
0.67 0.00525
0.675 0.00533
0.68 0.00561
0.685 0.00598
0.69 0.00639
0.695 0.00643
0.7 0.00689
0.705 0.00762
0.71 0.00873
0.715 0.0102
0.72 0.0127
0.725 0.0156
0.73 0.0201
0.735 0.0256
0.74 0.0282
0.745 0.0285
0.75 0.0281
0.755 0.0277
0.76 0.0275
0.765 0.0272
0.77 0.0266
0.775 0.0262
0.78 0.0252
0.785 0.0236
0.79 0.0224
0.795 0.0212
0.8 0.02
0.81 0.029
0.82 0.0323
0.83 0.0436
0.84 0.0481
0.85 0.0503
0.86 0.0524
0.87 0.0564
0.88 0.0621
0.89 0.0674
0.9 0.072
0.91 0.0875
0.92 0.109
0.93 0.157
0.94 0.233
0.95 0.352
0.96 0.511
0.97 0.527
0.98 0.515
0.99 0.473
1 0.413
1.01 0.36
1.02 0.296
1.03 0.244
1.04 0.204
1.05 0.179
1.06 0.163
1.07 0.166
1.08 0.174
1.09 0.201
1.1 0.226
1.11 0.261
1.12 0.305
1.13 0.427
1.14 0.757
1.15 1.13
1.16 1.25
1.17 1.26
1.18 1.27
1.19 1.23
1.2 1.27
1.21 1.22
1.22 1.19
1.23 1.15
1.24 1.12
1.25 1.08
1.26 1.07
1.27 1.09
1.28 1.14
1.29 1.23
1.3 1.38
1.31 1.59
1.32 2.03
1.33 2.51
1.34 3.06
1.35 3.48
1.36 4.1
1.37 5.46
1.38 7.18
1.39 12.1
1.4 19.1
1.41 25.1
1.42 28.7
1.43 30.3
1.44 31.3
1.45 30.9
1.46 30.4
1.47 27.6
1.48 25.4
1.49 22.4
1.5 19.8
1.51 17.5
1.52 15.6
1.53 13.8
1.54 12.3
1.55 11.2
1.56 10.1
1.57 9.19
1.58 8.41
1.59 7.83
1.6 7.36
1.61 6.99
1.62 6.63
1.63 6.4
1.64 6.17
1.65 5.99
1.66 5.9
1.67 5.83
1.68 5.81
1.69 5.86
1.7 5.97
1.71 6.13
1.72 6.36
1.73 6.72
1.74 7.19
1.75 7.79
1.76 8.44
1.77 9.01
1.78 9.42
1.79 9.58
1.8 9.59
1.81 9.62
1.82 9.75
1.83 10
1.84 10.7
1.85 12.2
1.86 15.6
1.87 23.5
1.88 38.2
1.89 64.8
1.9 103
1.91 111
1.92 116
1.93 115
1.94 128
1.95 105
1.96 98.9
1.97 90.3
1.98 86.8
1.99 75.1
2 68.2
2.01 61.9
2.02 55
2.03 50
2.04 45.9
2.05 41.9
2.06 40
2.07 36.9
2.08 34.4
2.09 31
2.1 28.6
2.11 26.9
2.12 25.2
2.13 23.8
2.14 22.8
2.15 22.1
2.16 21.2
2.17 20.6
2.18 20.2
2.19 19.9
2.2 19.8
2.21 19.8
2.22 20
2.23 20.2
2.24 20.6
2.25 21.1
2.26 21.9
2.27 22.7
2.28 23.8
2.29 24.8
2.3 26.3
2.31 27.8
2.32 30.4
2.33 32.1
2.34 34.2
2.35 37.3
2.36 37.7
2.37 39.6
2.38 43.2
2.39 45.7
2.4 49.7
2.41 54.2
2.42 58.6
2.43 62.2
2.44 69.7
2.45 73.7
2.46 77.1
2.47 83.9
2.48 86.4
2.49 98.1
2.5 97.9
2.5126 114
2.5253 118
2.5381 120
2.551 121
2.5641 122
2.5773 125
2.5907 132
2.6042 141
2.6178 154
2.6316 172
2.6455 194
2.6596 235
2.6738 317
2.6882 413
2.7027 610
2.7174 1050
2.7322 1990
2.7473 3220
2.7624 4880
2.7778 5410
2.7933 5650
2.809 5990
2.8249 6800
2.8409 8070
2.8571 10600
2.8736 12100
2.8902 14800
2.907 16100
2.924 17100
2.9412 17700
2.9586 17100
2.9762 16400
2.994 14900
3.012 13100
3.0303 12100
3.0488 10000
3.0675 9000
3.0864 8200
3.1056 6920
3.125 5830
3.1447 8090
3.1646 6380
3.1847 4930
3.2051 4070
3.2258 3460
3.2458 2730
3.268 2260
3.2895 1890
3.3113 1640
3.3333 1310
3.3557 1060
3.3784 892
3.4014 739
3.4247 620
3.4483 530
3.4722 451
3.4965 379
3.5211 333
3.5461 279
3.5714 238
3.5971 209
3.6232 182
3.6496 165
3.6765 150
3.7037 139
3.7313 131
3.7594 126
3.7879 123
3.8168 122
3.8462 124
3.876 127
3.9063 132
3.937 138
3.9683 146
4 154
4.0323 164
4.065 174
4.0984 185
4.1322 197
4.1667 210
4.2017 234
4.2373 278
4.2735 287
4.3103 294
4.3478 303
4.386 324
4.4248 343
4.4643 367
4.5045 396
4.5455 421
4.5872 447
4.6296 467
4.6729 483
4.717 481
4.7619 472
4.8077 458
4.8544 433
4.902 412
4.9505 384
5 357
5.0251 351
5.0505 333
5.0761 317
5.102 307
5.1282 295
5.1546 286
5.1813 281
5.2083 274
5.2356 270
5.2632 267
5.291 266
5.3191 265
5.3476 266
5.3763 268
5.4054 272
5.4348 278
5.4645 284
5.4945 294
5.5249 306
5.5556 321
5.5866 341
5.618 371
5.6497 410
5.6818 455
5.7143 516
5.7471 599
5.7803 714
5.814 830
5.848 1050
5.8824 1570
5.9172 1790
5.9524 2450
5.988 2570
6.0606 2850
6.0976 2800
6.135 2870
6.1728 2430
6.2112 2100
6.25 1730
6.2893 1350
6.3291 1120
6.3694 996
6.4103 908
6.4516 850
6.4935 795
6.5359 757
6.5789 736
6.6225 723
6.6667 718
6.7114 702
6.7568 694
6.8027 679
6.8493 670
6.8966 665
6.9444 660
6.993 657
7.0423 650
7.0922 646
7.1429 641
7.1942 638
7.2464 636
7.3529 631
7.4074 632
7.4627 630
7.5188 628
7.5758 625
7.6336 620
7.6923 620
7.7519 618
7.8125 617
7.9365 613
8 609
8.0645 608
8.1301 604
8.1967 601
8.2645 596
8.3333 592
8.4034 597
8.4746 594
8.547 592
8.6207 587
8.7719 579
8.9286 585
9.009 567
9.0909 569
9.1743 573
9.2593 574
9.3458 576
9.434 579
9.5238 582
9.6154 604
9.7087 631
9.8039 637
9.901 641
10 642
10.101 669
10.2041 682
10.3093 727
10.4167 773
10.5263 846
10.6383 924
10.7527 975
10.8696 990
10.989 1060
11.1111 1200
11.236 1350
11.3636 1490
11.4943 1500
11.6279 1610
11.7647 1850
11.9048 1910
12.0482 2020
12.1951 2310
